# Nlevels = 1000 Tcutoff = 0.731825306912 dTleaf = 0.731825306912 Npxmin = 5
clump: 1
  Npx: 10
  Tmax: 0.998883328894
  state: independent
  Ntouching: 0
  Nconnected: 0
  pixels:
      5   6   6 0.998883328894
      6   6   6 0.913864998825
      4   7   7 0.896983222881
      4   6   6 0.874434261149
      5   7   7 0.842349417466
      4   7   6 0.834026685628
      4   5   6 0.831352391861
      4   5   5 0.822369836991
      4   7   8 0.80102221428
      4   8   6 0.799069896574
  touching:
  connected:

clump: 2
  Npx: 5
  Tmax: 0.99751179503
  state: independent
  Ntouching: 0
  Nconnected: 0
  pixels:
     11  11   5 0.99751179503
     10  10   4 0.986118609573
     11  11   6 0.936280886527
     10  11   5 0.85200460286
     10  10   5 0.78401261306
  touching:
  connected:

clump: 3
  Npx: 10
  Tmax: 0.997454510222
  state: independent
  Ntouching: 0
  Nconnected: 0
  pixels:
     12  15   1 0.997454510222
     12  14   2 0.924121864043
     13  14   1 0.915715119437
     13  13   2 0.882098103741
     12  13   1 0.879154228515
     12  13   2 0.87303467037
     13  13   3 0.836712391362
     11  12   1 0.819853572634
     12  14   1 0.81468961527
     11  13   1 0.803666158018
  touching:
  connected:

clump: 4
  Npx: 6
  Tmax: 0.996515044977
  state: independent
  Ntouching: 0
  Nconnected: 0
  pixels:
      1  12   7 0.996515044977
      1  12   5 0.89411642431
      1  12   6 0.892246922749
      1  11   7 0.864350328127
      1  13   5 0.797323696577
      2  12   7 0.776872583965
  touching:
  connected:

clump: 5
  Npx: 5
  Tmax: 0.996210218073
  state: independent
  Ntouching: 0
  Nconnected: 0
  pixels:
     12   4  15 0.996210218073
     12   4  14 0.994899546589
     11   4  15 0.930905682019
     12   3  15 0.886384327171
     11   3  15 0.762362726843
  touching:
  connected:

clump: 6
  Npx: 9
  Tmax: 0.99580302015
  state: independent
  Ntouching: 0
  Nconnected: 0
  pixels:
      5   2   3 0.99580302015
      5   3   3 0.970955928142
      6   3   3 0.939460157451
      7   3   3 0.853870385074
      6   1   2 0.851820185462
      7   4   3 0.833130349987
      6   2   1 0.796592477131
      6   2   2 0.770672062866
      5   2   2 0.755009803712
  touching:
  connected:

clump: 7
  Npx: 23
  Tmax: 0.995688709251
  state: independent
  Ntouching: 0
  Nconnected: 0
  pixels:
     12   1  13 0.995688709251
      8   1  10 0.99159461656
      9   1  11 0.968117759874
     13   1  12 0.965092630524
     11   1  13 0.953033232099
     13   1  13 0.945040764267
     13   2  13 0.943507232853
      8   1   9 0.942116070107
     12   2  11 0.925029334717
     10   1  10 0.919705892806
     11   1  11 0.890251921359
      9   1  10 0.882539375234
      8   1   8 0.856712993041
     12   3  11 0.848947303485
     11   1  10 0.840161316135
     12   1  11 0.821336941244
     12   2  10 0.798815479953
     13   1  10 0.775154766053
     11   1   9 0.773077970879
     10   2  10 0.759781027209
     13   1  11 0.740487575209
     10   2   9 0.737725499939
      8   1   7 0.734914868364
  touching:
  connected:

clump: 8
  Npx: 12
  Tmax: 0.995644547374
  state: independent
  Ntouching: 0
  Nconnected: 0
  pixels:
      4  11  10 0.995644547374
      5  10   8 0.915207464949
      4  10   8 0.911455046277
      4   8   9 0.905669713232
      4  10   9 0.90204936743
      3   8   9 0.901326034763
      5   8   9 0.886428627382
      4  11   9 0.876758927175
      4   9   8 0.822746782127
      6   8   9 0.813234506396
      3   9   8 0.808772153032
      3   8   8 0.777770106165
  touching:
  connected:

clump: 9
  Npx: 30
  Tmax: 0.995534200041
  state: independent
  Ntouching: 0
  Nconnected: 0
  pixels:
      9   3   5 0.995534200041
     13   3   5 0.980304407411
     13   2   5 0.940989067529
     13   1   7 0.935030967359
     13   4   5 0.933291989977
     13   2   7 0.930639901928
      9   2   5 0.929876669625
     13   2   6 0.928322898538
     10   5   5 0.927021403175
      9   4   4 0.924093418671
     13   5   5 0.888906444253
      9   5   5 0.879366384914
     12   4   5 0.861704660577
     11   4   5 0.838696191692
     11   4   6 0.831708744043
     12   2   8 0.811297176937
     13   1   8 0.810219898908
     13   4   7 0.810014269062
     12   3   8 0.804571399751
     12   2   7 0.797864768754
     11   4   4 0.794254486302
     13   4   4 0.791182806407
     11   5   5 0.785290624939
     13   3   7 0.780478249991
      8   5   5 0.776939013734
     13   3   8 0.750548090662
     10   7   5 0.748467929708
     10   4   4 0.742197612514
     10   6   5 0.742096481137
      9   3   4 0.733503099611
  touching:
  connected:

clump: 10
  Npx: 65
  Tmax: 0.99543927488
  state: independent
  Ntouching: 0
  Nconnected: 0
  pixels:
     10   9   6 0.99543927488
     12   8   5 0.993434708112
     12   7   8 0.991650303483
     11  10  10 0.982296613814
      8   9  11 0.978031629284
      9   9   6 0.975022364585
     11   9  11 0.972012526259
      9  10  12 0.971658028323
     12   9  11 0.96827744554
     12   8  14 0.961903892254
     11   7  14 0.960717293974
      8   7   5 0.959440721401
     10  10   8 0.958709388743
     12   8   6 0.957879642362
     10   9   8 0.952299816341
     12   9  12 0.944049254231
      8   7   8 0.943368252845
      9   9   9 0.940601382829
     11  11  10 0.939156731993
     10   9  11 0.920816018486
     10   8  11 0.911263128553
     11  11  15 0.893088677926
     10  12  12 0.891243525655
     11   7   7 0.890687342853
      9   9  11 0.883737503578
     10  12  11 0.878810853225
     10  10   9 0.877416362562
      9   9   8 0.873203875846
     10  11  13 0.871842695575
      9   9   7 0.870217197721
      9  11  11 0.86897002306
      8   6   8 0.861960128047
     12   7   6 0.857964227099
      9  10  13 0.856629808088
     11  10  13 0.856503736917
     11   8   6 0.854356560985
     11   9  10 0.854194536503
     10   7   7 0.852444297011
     10  11  10 0.836064203644
     12   8   8 0.83439868065
      8   7   7 0.83276403503
     12   9  14 0.827238834843
     13  10  15 0.826409160546
      8   7   6 0.82425874182
     11  10   9 0.821288843553
     11   8  14 0.812121722487
     12  11  15 0.810821462496
     12  10  15 0.806555249127
     12  10  14 0.801884599007
     10  10  10 0.797487570588
     10  11  12 0.797232569713
     12   8  15 0.788722424341
     11   9  14 0.788455447713
     12   7   7 0.788204687405
      9   7   7 0.782447400905
      8   7   9 0.779902166602
      9  11  10 0.775488233639
     10   6   7 0.773236966992
     11   7  13 0.772562107424
     10  10  13 0.764597986461
      9   8   7 0.76181394364
      8   9   9 0.755133098223
     11   9  13 0.745648626024
     13   7   8 0.744314109887
     10  12  10 0.735156979682
  touching:
  connected:

clump: 11
  Npx: 5
  Tmax: 0.994528244155
  state: independent
  Ntouching: 0
  Nconnected: 0
  pixels:
     10  14  12 0.994528244155
      9  14  11 0.992753540444
     10  14  11 0.945539175286
     10  14  13 0.841706499999
      9  14  12 0.841317639902
  touching:
  connected:

clump: 12
  Npx: 11
  Tmax: 0.994306308423
  state: independent
  Ntouching: 0
  Nconnected: 0
  pixels:
      7   5   9 0.994306308423
      6   5   9 0.975921383507
      7   5   8 0.975424360131
      8   4   9 0.929141434494
      4   2   9 0.920513244744
      7   4   9 0.899882434928
      5   2   9 0.89279335712
      7   4  10 0.876196481633
      6   3   9 0.824136565076
      6   2   9 0.809810240761
      7   3   9 0.746325761418
  touching:
  connected:

clump: 13
  Npx: 5
  Tmax: 0.99382532801
  state: independent
  Ntouching: 0
  Nconnected: 0
  pixels:
     13   8   4 0.99382532801
     13   9   4 0.963034339031
     13   8   3 0.845562247998
     12   9   4 0.832213847976
     13   9   5 0.771791780308
  touching:
  connected:

clump: 14
  Npx: 9
  Tmax: 0.991561982502
  state: independent
  Ntouching: 0
  Nconnected: 0
  pixels:
      8   3   6 0.991561982502
      9   3   8 0.934577732424
      7   3   6 0.909523349271
      6   3   6 0.90484697552
      7   4   6 0.902235115676
      9   3   7 0.899192144017
      7   5   6 0.87499086073
      8   3   8 0.851574164092
      8   3   7 0.742667213151
  touching:
  connected:

clump: 15
  Npx: 6
  Tmax: 0.991414459318
  state: independent
  Ntouching: 0
  Nconnected: 0
  pixels:
      8   6  13 0.991414459318
      7   5  12 0.874700045901
      8   5  12 0.853443669272
      7   6  12 0.851379187894
      8   5  13 0.827288531627
      7   5  11 0.748191682034
  touching:
  connected:

clump: 16
  Npx: 5
  Tmax: 0.990121014563
  state: independent
  Ntouching: 0
  Nconnected: 0
  pixels:
     11   3   3 0.990121014563
     12   3   3 0.911675302874
     12   4   3 0.873293831811
     13   3   2 0.807081616122
     12   3   2 0.781340461833
  touching:
  connected:

clump: 17
  Npx: 14
  Tmax: 0.988481107351
  state: independent
  Ntouching: 0
  Nconnected: 0
  pixels:
      3   3   2 0.988481107351
      3   2   1 0.973982121965
      4   4   3 0.963151609649
      4   3   2 0.952579140222
      3   3   5 0.928282887225
      2   1   1 0.924418077325
      4   4   2 0.924370372645
      3   3   3 0.884741650245
      3   4   5 0.871139791298
      4   4   4 0.854551820292
      2   2   2 0.84082823821
      2   2   1 0.809814475427
      3   3   1 0.793723512782
      3   3   4 0.745494437941
  touching:
  connected:

clump: 18
  Npx: 5
  Tmax: 0.987848955122
  state: independent
  Ntouching: 0
  Nconnected: 0
  pixels:
     13   8  12 0.987848955122
     14   9  12 0.982075825913
     13   8  13 0.861074203029
     13   9  13 0.805109383272
     14   9  13 0.734966006412
  touching:
  connected:

clump: 19
  Npx: 10
  Tmax: 0.985625671165
  state: independent
  Ntouching: 0
  Nconnected: 0
  pixels:
      4  14   5 0.985625671165
      3  15   5 0.940952238535
      2  15   5 0.912406643564
      4  15   6 0.911620707441
      2  15   4 0.878937814685
      4  14   6 0.860726945749
      3  14   5 0.85871073179
      4  13   6 0.818201357507
      4  13   5 0.78438181272
      4  14   7 0.738466555484
  touching:
  connected:

clump: 20
  Npx: 7
  Tmax: 0.983002482119
  state: independent
  Ntouching: 0
  Nconnected: 0
  pixels:
     12  10   3 0.983002482119
     14  11   3 0.931612540022
     14  10   4 0.898060138284
     14  11   4 0.853184808639
     13  10   3 0.827546836438
     14  10   3 0.777736251522
     12  11   3 0.774254483017
  touching:
  connected:

clump: 21
  Npx: 5
  Tmax: 0.98187615725
  state: independent
  Ntouching: 0
  Nconnected: 0
  pixels:
     11   7  11 0.98187615725
     11   6  11 0.971208777784
     12   6  13 0.787524851299
     11   6  12 0.782322994994
     12   6  12 0.76350058277
  touching:
  connected:

clump: 22
  Npx: 12
  Tmax: 0.976597302451
  state: independent
  Ntouching: 0
  Nconnected: 0
  pixels:
      4  14   2 0.976597302451
      1  14   2 0.917095676187
      3  12   1 0.91680960937
      1  13   1 0.906822249346
      2  14   1 0.841882383674
      3  12   2 0.838067751417
      2  12   1 0.799691542868
      4  14   1 0.771286453735
      2  13   1 0.769408218436
      2  14   2 0.768668911319
      3  14   1 0.751996397653
      4  15   1 0.744572681257
  touching:
  connected:

clump: 23
  Npx: 12
  Tmax: 0.974541463092
  state: independent
  Ntouching: 0
  Nconnected: 0
  pixels:
     15  12   2 0.974541463092
     15  10   5 0.957476960952
     15  12   4 0.910124406414
     15  12   5 0.897069000939
     15   8   6 0.868618610311
     15   9   4 0.817363629757
     14   8   5 0.813859890315
     15   9   5 0.812351501819
     15  11   5 0.785979269543
     15   8   5 0.762016175487
     15  10   6 0.75494409349
     15  12   3 0.750490793156
  touching:
  connected:

clump: 24
  Npx: 13
  Tmax: 0.974267421584
  state: independent
  Ntouching: 0
  Nconnected: 0
  pixels:
      7  11  14 0.974267421584
      7  12  13 0.935299787116
      5  12  13 0.919516072802
      8  11  14 0.913286007849
      6  12  13 0.882259914867
      8  12  13 0.879433503788
      8  11  12 0.849919089961
      7  11  11 0.839484220249
      6  11  13 0.789588797659
      9  11  14 0.773883898318
      7  11  12 0.754725726372
      8  11  13 0.7477296373
      8  12  14 0.736135018824
  touching:
  connected:

clump: 25
  Npx: 8
  Tmax: 0.9734280836
  state: independent
  Ntouching: 0
  Nconnected: 0
  pixels:
      1  13  12 0.9734280836
      2  12   9 0.961293225245
      2  12  10 0.916973281944
      1  12  11 0.911129204996
      1  12  13 0.907487464532
      1  12  10 0.846595409118
      2  13  10 0.816083256391
      1  12  12 0.736418044678
  touching:
  connected:

clump: 26
  Npx: 5
  Tmax: 0.97222504793
  state: independent
  Ntouching: 0
  Nconnected: 0
  pixels:
      7   4  15 0.97222504793
      8   5  15 0.926823984194
      7   3  15 0.902891421196
      6   4  15 0.898101133885
      8   4  15 0.805722995895
  touching:
  connected:

clump: 27
  Npx: 20
  Tmax: 0.971216418642
  state: independent
  Ntouching: 0
  Nconnected: 0
  pixels:
      2   4  12 0.971216418642
      2   3  13 0.910304349657
      2   5  13 0.880259520593
      1   3  13 0.876590050328
      2   6  13 0.861990799625
      2   6  14 0.861015063797
      3   4  12 0.843792419847
      3   6  13 0.839884726983
      2   4  13 0.829603988674
      2   2  13 0.827618420825
      3   4  11 0.815936941114
      4   7  13 0.815256222126
      3   3  11 0.813275699008
      3   6  14 0.801325762259
      2   6  15 0.775242671418
      1   3  14 0.75651480176
      1   4  13 0.756167104856
      1   5  13 0.749415753954
      4   6  13 0.73726280389
      2   5  14 0.736883485875
  touching:
  connected:

clump: 28
  Npx: 6
  Tmax: 0.969781709355
  state: independent
  Ntouching: 0
  Nconnected: 0
  pixels:
      2   2   5 0.969781709355
      2   3   6 0.968921719538
      1   2   7 0.924575039057
      2   1   5 0.860838397697
      1   2   6 0.854474720352
      2   2   6 0.761025777085
  touching:
  connected:

clump: 29
  Npx: 17
  Tmax: 0.966859160071
  state: independent
  Ntouching: 0
  Nconnected: 0
  pixels:
      4   8   2 0.966859160071
      4   9   4 0.932316969493
      6  10   3 0.93120281718
      4   8   4 0.90487567145
      5  10   1 0.893619647908
      4   9   2 0.892908721211
      5   9   4 0.884040369735
      3   8   5 0.87155025762
      6   9   4 0.858144291548
      3   9   2 0.834481630268
      6  10   4 0.821081468424
      3   8   4 0.805504733911
      5  10   2 0.797145976112
      5  11   2 0.767178671054
      4   8   1 0.75794910704
      4   9   3 0.742772145567
      5  10   3 0.739719308332
  touching:
  connected:

clump: 30
  Npx: 16
  Tmax: 0.966182409433
  state: independent
  Ntouching: 0
  Nconnected: 0
  pixels:
      7   7  14 0.966182409433
      7   8  14 0.915683485353
      5   9  15 0.915186765338
      7   9  14 0.907930342155
      7   9  15 0.907519373141
      8   8  14 0.898383271877
      6   9  14 0.855556413789
      6   7  13 0.851476118819
      6   8  13 0.81963929034
      6   9  15 0.792723238382
      5  11  15 0.78113480161
      7   8  15 0.779242610155
      5  10  15 0.777480544293
      6   8  14 0.768154642376
      5   8  15 0.766095992819
      6  11  15 0.757141905673
  touching:
  connected:

clump: 31
  Npx: 16
  Tmax: 0.962529114888
  state: independent
  Ntouching: 0
  Nconnected: 0
  pixels:
      8  14   8 0.962529114888
      9  13  10 0.935525143473
      6  13   6 0.922253112072
      6  14   8 0.916806854339
      6  13   7 0.903440703658
      9  13   8 0.901776926193
      8  13  10 0.901100951555
      7  14   8 0.871425927049
      8  14   9 0.860969610121
      6  13   8 0.841575972168
      8  13   9 0.830454976771
      9  15   8 0.825816629879
      5  12   7 0.812310789992
      6  14   7 0.768440008133
      9  14   8 0.766660006093
      6  12   7 0.760949120918
  touching:
  connected:

clump: 32
  Npx: 6
  Tmax: 0.961742228614
  state: independent
  Ntouching: 0
  Nconnected: 0
  pixels:
      1   4   4 0.961742228614
      2   5   4 0.95181233738
      3   5   4 0.884354208865
      1   5   4 0.879556003648
      2   4   4 0.795240083813
      1   4   5 0.781741616774
  touching:
  connected:

clump: 33
  Npx: 6
  Tmax: 0.961225109631
  state: independent
  Ntouching: 0
  Nconnected: 0
  pixels:
      3   9  12 0.961225109631
      5   9  12 0.870767884333
      5  10  12 0.86417447303
      5  11  12 0.839167299523
      5  11  11 0.798664120976
      4   9  12 0.779215080503
  touching:
  connected:

clump: 34
  Npx: 6
  Tmax: 0.959564076648
  state: independent
  Ntouching: 0
  Nconnected: 0
  pixels:
      6   1  12 0.959564076648
      5   1  11 0.93772859675
      4   1  10 0.878700908237
      6   1  13 0.824598735561
      5   1  10 0.808581947569
      6   1  11 0.806962515138
  touching:
  connected:

clump: 35
  Npx: 11
  Tmax: 0.959023193672
  state: independent
  Ntouching: 0
  Nconnected: 0
  pixels:
      9  15   2 0.959023193672
      9  15   4 0.915448026215
      9  14   2 0.870217278084
      8  14   3 0.847371060813
     10  13   3 0.788371066132
     10  14   3 0.780994540168
      9  15   3 0.773425547568
      7  14   3 0.769695346068
      9  15   1 0.743982967123
      9  14   3 0.73645448097
     10  13   2 0.734697743918
  touching:
  connected:

clump: 36
  Npx: 6
  Tmax: 0.949242106048
  state: independent
  Ntouching: 0
  Nconnected: 0
  pixels:
     12   8   1 0.949242106048
     12  10   1 0.901264736544
     11   9   1 0.894594351787
     12   9   2 0.886015020639
     13   8   1 0.780675391027
     12   9   1 0.777252492786
  touching:
  connected:

clump: 37
  Npx: 10
  Tmax: 0.945438369013
  state: independent
  Ntouching: 0
  Nconnected: 0
  pixels:
     15   7   2 0.945438369013
     15   7   3 0.923069873442
     14   3   3 0.908063389911
     14   5   4 0.905380023063
     15   6   3 0.85648212645
     14   4   3 0.839818468046
     15   5   3 0.836513106135
     14   5   2 0.796044095736
     14   5   3 0.769743991633
     15   4   3 0.732625865468
  touching:
  connected:

clump: 38
  Npx: 7
  Tmax: 0.944871951039
  state: independent
  Ntouching: 0
  Nconnected: 0
  pixels:
      9   4   1 0.944871951039
      8   4   2 0.944434388299
     10   4   1 0.906736391866
     10   3   1 0.889541055145
      9   4   2 0.86007649132
     11   3   1 0.851780359628
      8   4   1 0.788247536383
  touching:
  connected:

clump: 39
  Npx: 5
  Tmax: 0.944667146617
  state: independent
  Ntouching: 0
  Nconnected: 0
  pixels:
     14   4  15 0.944667146617
     15   5  15 0.856817604298
     15   4  15 0.843894902592
     14   3  15 0.785193121511
     14   5  15 0.740082167588
  touching:
  connected:

clump: 40
  Npx: 5
  Tmax: 0.942461500939
  state: independent
  Ntouching: 0
  Nconnected: 0
  pixels:
      6  15   9 0.942461500939
      7  14  10 0.854954719034
      7  15   9 0.809291731314
      6  15  10 0.77074640636
      6  14  10 0.735998784493
  touching:
  connected:

clump: 41
  Npx: 5
  Tmax: 0.930144239013
  state: independent
  Ntouching: 0
  Nconnected: 0
  pixels:
     11   5  13 0.930144239013
     10   5  14 0.78411080157
     11   5  14 0.776797181649
     11   4  13 0.77377079224
     10   4  13 0.760392166344
  touching:
  connected:

clump: 42
  Npx: 10
  Tmax: 0.92685983275
  state: independent
  Ntouching: 0
  Nconnected: 0
  pixels:
     12  14  13 0.92685983275
     13  15  14 0.902931598504
     12  15  13 0.866513614811
     11  15  15 0.86206942294
     13  14  15 0.838872458503
     12  14  15 0.814552587282
     12  15  14 0.777949387233
     12  12  13 0.760978841922
     12  15  15 0.752574296501
     12  13  13 0.750979786884
  touching:
  connected:

clump: 43
  Npx: 6
  Tmax: 0.926586115315
  state: independent
  Ntouching: 0
  Nconnected: 0
  pixels:
     12   6   3 0.926586115315
     11   6   3 0.866206007761
     11   6   2 0.864616675784
     12   6   2 0.791024658915
     11   6   4 0.783507474568
     11   5   2 0.758728943012
  touching:
  connected:

clump: 44
  Npx: 6
  Tmax: 0.923381698231
  state: independent
  Ntouching: 0
  Nconnected: 0
  pixels:
      2   3   8 0.923381698231
      2   4   8 0.850747484842
      3   3   8 0.84123854324
      2   4   9 0.836495977162
      2   2   8 0.79291976239
      1   3   8 0.748042018496
  touching:
  connected:

clump: 45
  Npx: 7
  Tmax: 0.919561038086
  state: independent
  Ntouching: 0
  Nconnected: 0
  pixels:
      5   6   1 0.919561038086
      6   6   1 0.890423720268
      6   7   2 0.877190125148
      7   6   2 0.836009939438
      5   7   2 0.827964727341
      6   6   2 0.752213685001
      4   6   1 0.7509383648
  touching:
  connected:

clump: 46
  Npx: 7
  Tmax: 0.895389630653
  state: independent
  Ntouching: 0
  Nconnected: 0
  pixels:
     14   5  10 0.895389630653
     14   6  10 0.884242298918
     14   5   9 0.819877672602
     14   6   9 0.806285682122
     13   6   9 0.794955492257
     14   5   8 0.781314921942
     13   6  10 0.73590296676
  touching:
  connected:

clump: 47
  Npx: 6
  Tmax: 0.88939852006
  state: independent
  Ntouching: 0
  Nconnected: 0
  pixels:
      6  15  12 0.88939852006
      6  14  12 0.873992656025
      6  13  12 0.840544796602
      5  15  13 0.763887184821
      6  15  13 0.735651927057
      6  15  14 0.735308280557
  touching:
  connected:

clump: 48
  Npx: 5
  Tmax: 0.880605013894
  state: independent
  Ntouching: 0
  Nconnected: 0
  pixels:
      3  10  13 0.880605013894
      4  11  13 0.861373466896
      2  11  13 0.834711952317
      3  11  13 0.788148266937
      4  10  13 0.769636008485
  touching:
  connected:

